6
0 软件学院 1401 30 6 0 1 2 3 4 5
1 软件学院 1402 30 6 6 7 8 9 10 11
2 软件学院 1301 30 9 12 13 14 15 16 17 18 19 20
3 软件学院 1302 30 9 21 22 23 24 25 26 27 28 29
4 软件学院 1201 30 6 30 31 32 33 34 35
5 软件学院 1202 30 6 36 37 38 39 40 41
20
0 星期一 1
1 星期一 2
2 星期一 3
3 星期一 4
4 星期二 1
5 星期二 2
6 星期二 3
7 星期二 4
8 星期三 1
9 星期三 2
10 星期三 3
11 星期三 4
12 星期四 1
13 星期四 2
14 星期四 3
15 星期四 4
16 星期五 1
17 星期五 2
18 星期五 3
19 星期五 4
24
0 东九B101 40
1 东九B102 40 
2 东九B103 20
3 东九B104 40
4 东九B201 40
5 东九B202 40
6 东九B203 30
7 东九B204 40
8 东九C101 40
9 东九C102 10
10 东九C103 40
11 东十二C104 40
12 东十二101 40
13 东十二102 40 
14 东十二103 20
15 东十二104 40
16 东十二201 40
17 东十二202 40
18 东十二203 30
19 东十二204 40
20 东十二101 40
21 东十二102 10
12 东十二103 40
23 东十二104 40
42
0 0 大学物理 32 2 1
1 0 近代史 32 2 0
2 0 英语 32 1 2
3 0 微积分 32 2 4
4 0 线性代数 32 2 5
5 0 离散数学 32 2 6
6 1 大学物理 32 2 1
7 1 近代史 32 2 0
8 1 英语 32 1 3
9 1 微积分 32 2 4
10 1 线性代数 32 2 5
11 1 离散数学 32 2 6
12 2 数理方程 32 2 7
13 2 英语 32 1 16
14 2 计算方法 32 2 9
15 2 计算机组成原理 32 2 10
16 2 算法设计与分析 32 2 15
17 2 操作系统原理 32 2 11
18 2 软件工程 32 2 12
19 2 数字逻辑 32 2 13
20 2 人机交互 32 2 14
21 3 数理方程 32 2 8
22 3 英语 32 1 17
23 3 计算方法 32 2 9
24 3 计算机组成原理 32 2 10
25 3 算法设计与分析 32 2 15
26 3 操作系统原理 32 2 11
27 3 软件工程 32 2 12
28 3 数字逻辑 32 2 13
29 3 人机交互 32 2 14
30 4 信号与系统 32 3 18
31 4 信息系统安全 16 1 19
32 4 游戏设计 32 2 20
33 4 面向对象 32 2 21
34 4 图像处理 32 2 22
35 4 英语强化 32 2 23
36 5 信号与系统 32 3 18
37 5 信息系统安全 16 1 19
38 5 游戏设计 32 2 20
39 5 面向对象 32 2 21
40 5 图像处理 32 2 22
41 5 英语强化 32 2 23
24
0 杜志章 2 1 7
1 张雁宏 2 0 6
2 malloc 1 2
3 heils  1 8
4 周军 2 3 9
5 王琼 2 4 10
6 卢力 2 5 11
7 张光辉 1 12
8 张显文 1 21
9 谢松法 2 14 23
10 高建生 2 15 24
11 苏曙光 2 17 26
12 裴小兵 2 18 27
13 黄浩 2 19 28
14 曹华 2 20 29
15 邱德红 2 16 25
16 周文慧 1 13
17 ails 1 22
18 文浩 2 30 36
19 谭中平 2 31 37
20 刘晓峰 2 32 38
21 方少红 2 33 39 
22 薛志东 2 34 40 
23 Mudar 2 35 41